51 14 45 51 14 45 51 14 45 51 14 45 51 14 45 51 14 45
51 14 45 51 14 45 51 14 45 51 14 45 51 14 45 51 14 45
51 14 45 51 14 45 51 14 45 51 14 45 51 14 45 51 14 45
51 14 45 51 14 45 51 14 45 51 14 45 51 14 45 51 14 45
51 14 45 51 14 45 51 14 45 51 14 45 51 14 45 51 14 45
51 14 45 51 14 45 51 14 45 51 14 45 51 14 45 51 14 45
51 14 45 51 14 45 51 14 45 51 14 45 51 14 45 51 14 45
51 14 45 51 14 45 51 14 45 51 14 45 51 14 45 51 14 45
51 14 45 51 14 45 51 14 45 51 14 45 51 14 45 51 14 45
51 14 45 51 14 45 51 14 45 51 14 45 51 14 45 51 14 45
51 14 45 51 14 45 51 14 45 51 14 45 51 14 45 51 14 45
51 14 45 51 14 45 51 14 45 51 14 45 51 14 45 51 14 45
51 14 45 51 14 45 51 14 45 51 14 45 51 14 45 51 14 45
51 14 45 51 14 45 51 14 45 51 14 45 51 14 45 51 14 45
51 14 45 51 14 45 51 14 45 51 14 45 51 14 45 51 14 45
51 14 45 51 14 45 51 14 45 51 14 45 51 14 45 51 14 45
51 14 45 51 14 45 51 14 45 51 14 45 51 14 45 51 14 45
51 14 45 51 14 45 51 14 45 51 14 45 51 14 45 51 14 45
51 14 45 51 14 45 51 14 45 51 14 45 51 7e 31 fc 7f c4
b0 a3 75 32 12 54 e5 00 00 00 00 49 45 4e 44 ae 42 60
82
